Well PlateID LineID Day Experiment Treatment 0 2.5 5 7.5 10 12.5 15 17.5 20 22.5 25 27.5 30 32.5 35 37.5 40 42.5 45 47.5 50 52.5 55 57.5 60 62.5 65 67.5 70 72.5 75 77.5
A:1 plate8 Mock 25_4_2023 A mock 26187 25199 25263 25181 24090 23219 22816 22317 21152 20618 20039 19352 18890 18469 18015 17354 16241 15697 15875 15943 15935 16053 16199 15689 16077 15649 15933 15977 15178 15044 14906 15204
A:10 plate8 KOH 25_4_2023 A mock 17729 12522 10121 7800 5925 4867 4475 4070 3298 2998 2722 2546 2470 2446 2622 2476 2300 2362 2264 2380 2254 2446 2306 2460 2280 2380 2346 2194 2374 2282 1732 1540
A:11 plate8 KOH 25_4_2023 A mock 15418 16335 16169 14003 9939 9592 8922 7952 7403 7425 5145 5545 5793 5343 5325 5125 4881 5053 5249 5189 5329 5185 5533 5619 5725 5899 5903 5947 5851 5685 5951 5619
A:12 plate8 KOH 25_4_2023 A mock 19989 18427 16674 15869 16393 16061 16321 15232 14532 14320 14157 13591 13731 13233 13053 13051 12620 12878 12610 12794 13023 12814 12838 12800 12995 13205 12963 13031 12482 12786 12330 12176
A:2 plate8 Mock 25_4_2023 A mock 38961 35805 16595 16035 15757 15138 13815 13903 15018 15889 16563 16880 17456 17302 16501 15368 15733 16535 16648 17160 17634 17576 16694 17580 17238 17230 17534 16754 16593 16533 16341 15683
A:3 plate8 Mock 25_4_2023 A mock 26096 25702 25119 24076 24514 24174 23387 22464 22009 21777 21495 21344 20581 6485 8456 8044 7656 6925 6851 6609 6805 6667 6995 7179 6987 7341 7205 7458 7606 7542 8032 7225
A:4 plate8 Mock 25_4_2023 A mock 23353 27771 28402 26575 26477 26343 26106 25197 24911 25147 25450 25003 24899 25093 25311 23583 23114 21677 19883 19438 19917 19372 19266 19322 19336 19414 19216 18990 18583 18748 18840 18537
A:5 plate8 Mock 25_4_2023 A mock 25664 28871 26002 24697 25840 25429 25201 24841 24218 23982 23944 23251 23088 22760 22325 21609 20593 20053 19993 19678 19765 19999 19666 18697 17610 17464 17718 17302 17004 16706 16812 16155
A:6 plate8 Mock 25_4_2023 A mock 17971 20101 20397 19701 19596 19304 19242 19128 18826 18792 18717 18085 17668 17739 17640 16858 16938 16351 16623 16397 16786 16557 16627 16688 16966 16880 16958 16806 15036 14306 14658 14462
A:7 plate8 KOH 25_4_2023 A mock 19484 20583 19468 17526 16235 14466 12993 10147 8738 7113 5701 4224 3390 2812 2384 2092 2088 2140 1974 1944 1862 1930 2000 1964 2158 2072 2312 2172 2288 2212 2360 2324
A:8 plate8 KOH 25_4_2023 A mock 21627 24266 20565 17636 14480 12646 9554 7199 6489 5519 4825 4403 4248 4276 3736 3282 3272 3398 3526 3556 3806 3750 3890 3890 3896 4014 4180 4008 3982 4044 3928 4170
A:9 plate8 KOH 25_4_2023 A mock 3424 14280 14017 12638 11033 10461 9036 8302 8272 7798 7734 7644 7776 7938 7920 7784 7866 8148 8844 9280 10383 10767 11738 11888 13065 13605 14354 15174 15336 16307 17128 17594
B:1 plate8 Mock 25_4_2023 A flg22 12872 6669 5149 5107 5057 4845 4294 3870 3270 2992 2868 2462 2360 2170 2106 1770 1560 1632 1546 1306 1192 1206 1114 986 948 932 1016 1000 940 980 988 976
B:10 plate8 KOH 25_4_2023 A flg22 29888 32669 37442 39598 39165 38063 35891 34997 33226 31260 29898 28224 26902 26221 24757 23481 22908 22237 22099 21080 21755 21212 21176 20616 20738 20541 20678 20680 20321 19576 20535 19502
B:11 plate8 KOH 25_4_2023 A flg22 37181 35536 37845 38087 36901 35522 33949 32004 30060 29317 28155 27494 26651 25992 24943 24560 23753 23223 23881 23203 23080 23363 23201 22774 22816 23080 22994 22866 23054 22994 23062 21695
B:12 plate8 KOH 25_4_2023 A flg22 25958 32204 37895 39472 31867 30143 29045 28021 26727 24568 23453 22758 21859 21474 20503 19024 18111 17438 16547 16407 15839 15827 15971 15260 15210 15515 15791 15450 15266 15428 15190 13259
B:2 plate8 Mock 25_4_2023 A flg22 24709 25974 30892 35141 37376 38402 38260 37041 36392 35378 34683 33446 32691 31391 30892 29205 27707 27162 26453 26329 25808 25696 25440 25323 24973 24981 24314 24384 23599 23327 23787 23377
B:3 plate8 Mock 25_4_2023 A flg22 15432 11978 16403 20465 22874 23289 21727 19987 18351 16275 15030 13627 12248 11241 10617 10167 9182 8750 8136 7986 7688 7516 7071 7037 6999 6927 6983 6893 6881 6819 7009 6939
B:4 plate8 Mock 25_4_2023 A flg22 30818 34033 42996 46386 47409 46510 45837 43684 42717 41052 39687 37472 35688 34955 33013 31292 29009 28270 27294 27226 26611 26920 26050 25512 25452 25121 25015 24414 24328 23651 24134 23591
B:5 plate8 Mock 25_4_2023 A flg22 24044 24664 32775 37917 39147 40863 40218 39536 37520 36416 34418 33136 31447 29792 28907 27046 26020 25205 24584 24454 24132 23895 22712 22840 22534 22478 21919 22125 21625 21773 21529 20908
B:6 plate8 Mock 25_4_2023 A flg22 10429 8538 7007 6277 5951 5819 5751 5589 5501 5329 5263 5193 5213 4871 5157 4743 4713 4479 4701 4743 4685 4777 4695 4565 4697 4777 4745 4695 4373 4629 4555 4355
B:7 plate8 KOH 25_4_2023 A flg22 29702 25860 24234 22632 23096 22147 22125 21310 20305 19668 19342 18339 17582 17084 16443 15362 14964 14390 14576 14466 14540 14414 14009 13975 13879 14247 14053 13763 13663 13229 12969 12304
B:8 plate8 KOH 25_4_2023 A flg22 24070 29830 38001 42757 46172 47583 49384 49765 49139 48036 46565 44856 42505 39861 37163 34486 31687 29103 27905 27088 26090 25574 25233 24757 24518 24390 23789 23413 22898 22267 22624 20399
B:9 plate8 KOH 25_4_2023 A flg22 14904 16151 16259 15757 14342 13849 13473 12556 12006 11394 11005 10571 10283 10105 9793 9416 8936 8954 9066 8788 8762 8950 8880 8650 8920 8638 8918 8922 8708 8544 8954 8602
C:1 plate8 Mock 25_4_2023 A Nlp24 1662 5391 10351 14770 20425 25117 28546 30854 33394 35035 36873 37620 38941 40300 41258 40769 40639 40903 40911 40136 38927 37680 35815 34200 31615 28782 27839 25870 23567 21673 19845 17684
C:10 plate8 KOH 25_4_2023 A Nlp24 15030 19522 26890 36001 46200 54388 60597 64173 64838 64808 64994 64886 64177 63479 63182 61015 59769 58478 57295 55307 52902 51201 48111 47084 45360 43080 41456 39450 37532 36486 35903 32505
C:11 plate8 KOH 25_4_2023 A Nlp24 11698 14864 18707 23064 26775 30798 33048 34797 35438 36436 36528 36552 37129 37009 37743 37867 38346 37324 36330 36087 35765 34300 34602 33809 33034 33148 32140 31551 30786 30607 29203 27196
C:12 plate8 KOH 25_4_2023 A Nlp24 3160 2876 4184 6421 8272 9550 11470 12494 12166 11584 11065 10587 10307 10247 9959 9947 9659 10093 10027 10009 9633 9580 8864 8868 8854 8748 8348 8150 7910 7988 7758 6307
C:2 plate8 Mock 25_4_2023 A Nlp24 6073 6673 7768 8404 9198 9454 9234 8646 8882 9176 8936 8888 8940 9086 9206 9052 9006 8776 8608 9164 8818 8826 8902 9310 9088 8844 8938 8862 8944 9100 8984 8714
C:3 plate8 Mock 25_4_2023 A Nlp24 4793 4343 5727 6807 8008 8532 9204 8964 9052 9050 9134 8990 9086 8858 8962 8942 8630 8530 8606 8716 8592 8436 8208 8294 8588 8426 8086 8332 8284 8022 7820 6869
C:4 plate8 Mock 25_4_2023 A Nlp24 5927 6123 8010 9709 11005 10917 11043 10663 10673 10797 10689 10581 10425 10827 10837 11049 10883 11023 11169 11173 11199 11978 11868 12156 12390 12438 12544 12790 12418 12214 12184 12022
C:5 plate8 Mock 25_4_2023 A Nlp24 7812 9014 10953 11934 12856 13757 14217 14302 14730 14151 14466 14548 14730 15146 15523 15182 15048 15264 15294 15286 15563 15799 15973 16041 15867 16237 15889 15963 15655 16039 15975 15202
C:6 plate8 Mock 25_4_2023 A Nlp24 10067 11656 13147 14274 15228 15767 16688 16633 17034 17374 17915 17640 17674 18053 18287 18371 18309 18607 18667 19212 19346 19346 19895 19737 19889 19977 20103 20103 19877 19492 19701 19052
C:7 plate8 KOH 25_4_2023 A Nlp24 11800 13815 17094 20483 24208 26499 28618 29924 30822 31477 32304 32300 33368 33572 33825 33412 33040 33358 33673 33773 32965 32675 32386 32052 31587 31569 30337 30527 29562 29315 29025 26868
C:8 plate8 KOH 25_4_2023 A Nlp24 13301 17432 21905 26751 32953 37690 41436 43435 45767 46073 47006 47465 47942 48983 50006 49605 49141 48826 48201 47192 45700 44776 43631 42024 41569 39983 38628 37280 35175 33929 34121 31994
C:9 plate8 KOH 25_4_2023 A Nlp24 12754 17146 25105 33460 40380 44965 48453 49181 48881 48939 48568 47667 48066 47553 47431 46713 45372 45516 45189 44038 43577 41579 41330 39693 37957 37506 36097 35320 33717 32691 32110 29397
D:1 plate8 Mock 25_4_2023 A MQ 1274 1458 1854 2636 3106 3904 4655 5463 5801 6979 7341 8224 9024 9066 9843 10359 10941 11386 12156 12939 13843 14658 15104 15817 16846 17080 17861 18481 18920 19562 20187 20439
D:10 plate8 KOH 25_4_2023 A MQ 4513 3834 4048 5031 5951 7468 8228 9809 10495 11788 12478 13053 13769 14290 14886 15026 15543 16075 16870 17418 17921 18509 19366 20343 20523 21288 22149 23050 23675 24963 25411 26116
D:11 plate8 KOH 25_4_2023 A MQ 3626 3912 3948 4963 6367 7694 8980 10609 11630 12911 13819 15258 16091 16768 17140 18185 18599 19901 20605 21693 22876 23028 24020 24739 25978 27252 27871 29377 29948 31681 32813 33330
D:12 plate8 KOH 25_4_2023 A MQ 2242 3116 4635 7113 10575 14021 16808 19288 20798 22510 23219 24608 25678 25880 26259 26353 26034 26151 26701 27132 28027 29399 30363 31417 32973 34520 35522 37372 39017 40065 41845 42794
D:2 plate8 Mock 25_4_2023 A MQ 1628 1810 2464 3738 5447 5881 7265 7566 7758 7956 6137 5635 5399 5543 5785 5925 6257 7051 6911 7319 7484 7181 7211 7005 7155 7169 7486 7291 7025 7542 7734 7620
D:3 plate8 Mock 25_4_2023 A MQ 4236 4234 4032 4625 5441 6619 6979 7564 7640 7990 7950 8048 8066 8186 8094 8250 8316 8264 8604 8778 8850 9322 9284 9829 9621 9769 10281 10057 10343 10315 10653 10359
D:4 plate8 Mock 25_4_2023 A MQ 1314 1822 2284 3058 3814 4699 5333 6099 6485 7121 7500 7792 8488 8586 8752 8890 8750 9118 9627 9354 9833 10139 10539 10765 11512 11730 12238 12640 12870 13831 14606 14676
D:5 plate8 Mock 25_4_2023 A MQ 1956 2328 2960 3952 4751 5869 7055 8290 9256 10155 10917 12000 12566 13065 12957 13509 13629 13969 14322 14654 14870 15014 15781 16041 16403 16635 17302 17729 18487 19148 19983 19897
D:6 plate8 Mock 25_4_2023 A MQ 2356 2736 3076 3734 4164 5159 5891 6509 7301 7520 8106 8208 8670 9080 9148 9292 9468 9294 9398 9476 9602 10085 9889 10399 10559 10677 10955 11129 11303 11858 12008 11776
D:7 plate8 KOH 25_4_2023 A MQ 1636 2544 3148 3970 5181 6277 7576 8604 9558 10135 10517 10739 11165 11369 11482 11155 11347 11115 11101 10561 10651 10679 10451 10627 10563 10605 10379 10551 10605 10505 10513 10317
D:8 plate8 KOH 25_4_2023 A MQ 2920 2698 3678 5187 6401 8146 9791 11279 13053 14618 16303 18027 19556 21194 22704 24084 25223 27076 28159 29564 30673 32264 33001 34683 35556 36953 37847 38608 39592 40470 41637 41699
D:9 plate8 KOH 25_4_2023 A MQ 1990 3186 3866 5089 7057 8686 10421 12268 13985 15274 16297 17510 18591 19010 19206 19540 19803 20249 20265 21054 21340 21557 22153 21641 22321 22932 22844 23134 23277 24134 24682 24941
E:1 plate8 Mock 25_4_2023 A KOH 704 528 496 506 464 360 398 334 362 320 306 320 328 352 314 306 308 270 250 248 234 250 228 258 300 246 226 254 258 248 230 232
E:10 plate8 KOH 25_4_2023 A KOH 1363800 91784 39362 48241 54587 58298 62504 64565 66696 69868 70998 72598 73357 73462 73576 72522 70759 71187 69790 68681 68272 66020 65333 61532 62094 61659 59026 56986 55806 54147 54073 50691
E:11 plate8 KOH 25_4_2023 A KOH 1730311 238662 108108 119073 121963 119991 118652 117756 116078 115816 115307 116261 116285 116060 114820 109683 104833 103831 103304 100792 99568 99097 98452 97754 97412 98269 96723 92923 93755 94650 94099 87656
E:12 plate8 KOH 25_4_2023 A KOH 525249 66718 95108 113671 124742 127299 126139 124234 125133 123206 124988 124142 121988 120931 119892 114778 108588 106013 102083 99141 94515 91408 89396 85789 87223 84322 82723 80276 79808 78521 78665 73980
E:2 plate8 Mock 25_4_2023 A KOH 162221 72592 98790 111892 116643 112880 109908 104648 104654 103093 100394 100887 98741 95028 90911 89072 84276 80023 77727 70814 69645 68111 67152 64878 64980 64737 63633 61057 61942 59331 58029 53184
E:3 plate8 Mock 25_4_2023 A KOH 212955 52023 70643 81031 84499 84977 83129 80905 81732 78494 75323 76048 74833 71930 68306 67076 64041 61884 60188 57491 57204 56179 55491 55339 54434 53345 53114 52478 52831 51407 51514 47573
E:4 plate8 Mock 25_4_2023 A KOH 593899 60497 40585 48141 50050 52063 50284 50519 50890 51103 50298 51335 52033 51680 51700 52095 51223 52081 52348 52807 53064 51911 51618 51576 50994 51008 49454 48347 47932 46717 46013 41306
E:5 plate8 Mock 25_4_2023 A KOH 1282723 188202 39184 41140 42190 43982 43509 45484 45352 45670 46348 47038 47096 47038 46561 45606 43144 43690 44247 45576 47232 46751 48072 48319 50292 51193 50738 50758 51540 51901 52043 48792
E:6 plate8 Mock 25_4_2023 A KOH 38989 16039 22025 30014 38638 45735 52779 60120 66508 71942 77159 82912 87191 89217 90957 91014 89084 87181 82634 80909 79573 76948 74843 73560 69095 67126 64721 61426 58226 56005 54165 50647
E:7 plate8 KOH 25_4_2023 A KOH 1854372 261817 75880 81652 87734 92292 94308 89693 90644 91848 93223 90519 90648 88031 87310 83066 78225 76556 76637 73518 71607 70263 69575 69121 68131 68224 67096 68105 65490 65701 66032 62056
E:8 plate8 KOH 25_4_2023 A KOH 1516042 211866 56111 72809 86940 93576 92165 91550 95074 98116 100179 103926 103407 103242 104320 102725 101748 99499 98303 96562 95551 93615 93056 91581 90493 89175 87123 86866 86462 86217 86928 81049
E:9 plate8 KOH 25_4_2023 A KOH 2172333 147345 28969 36177 44251 50575 53114 53634 54145 53682 54458 54203 53184 52876 51432 49988 48042 45448 43960 40747 39404 37548 35554 33733 31900 30595 29093 28113 26461 25714 25159 23639
F:1 plate8 Mock 25_4_2023 A Chitin 6743 6975 6665 6861 7620 8036 8232 8316 8428 8342 8896 8552 9130 8864 9014 8910 8336 8372 8324 8714 8964 8764 8982 9108 9004 9318 9699 9072 9190 9112 9384 8228
F:10 plate8 KOH 25_4_2023 A Chitin 7419 7373 7135 6773 6635 6433 6113 5641 5297 4981 4999 4657 4353 4156 3914 3752 3588 3464 3512 3408 3462 3272 3432 3352 3408 3360 3444 3262 3256 3292 3418 3154
F:11 plate8 KOH 25_4_2023 A Chitin 15250 14538 13691 13153 12812 11956 11468 11259 10819 10369 9907 9280 8918 8604 8542 8092 7464 7387 7283 7197 6973 7331 7147 6897 6835 6849 6801 6661 6625 6485 6267 6047
F:12 plate8 KOH 25_4_2023 A Chitin 15513 16055 16900 17046 16467 15681 15134 14362 14079 13663 12929 12802 11866 11498 11029 10177 9590 9645 9368 9390 9032 8942 9000 8716 8524 8458 8450 8130 7740 7834 7405 6907
F:2 plate8 Mock 25_4_2023 A Chitin 3146 4168 5125 6303 7648 9052 10763 11610 13297 14398 15815 16523 18035 18926 19264 20307 20702 21454 22624 22784 23175 24382 25171 25718 26062 26138 27545 27831 28077 28358 29429 28610
F:3 plate8 Mock 25_4_2023 A Chitin 8388 8264 8356 8060 8964 8398 8964 8716 9126 8484 8560 9244 9168 9476 8698 8192 8330 8450 8696 8938 9338 9218 9296 9306 9316 9328 9040 8914 9158 9082 9166 8026
F:4 plate8 Mock 25_4_2023 A Chitin 13845 14906 15893 16029 15741 16177 15873 15633 15857 15258 14932 14878 14894 14584 14442 13789 13395 13219 12450 13117 13011 13125 12886 12953 12386 12728 12458 12476 12372 12020 11664 10729
F:5 plate8 Mock 25_4_2023 A Chitin 6323 6669 6927 7239 7091 7227 7684 7494 7810 7888 7930 7824 7756 7888 7650 7550 6997 6895 6931 7187 7484 7429 7502 7654 7644 7638 7670 7413 7450 7456 7482 6483
F:6 plate8 Mock 25_4_2023 A Chitin 6661 5997 5987 5671 5431 5493 5305 5015 4819 4733 4583 4487 4413 4088 4002 3828 3696 3436 3404 3416 3604 3464 3402 3376 3574 3468 3412 3254 3334 3278 3188 2910
F:7 plate8 KOH 25_4_2023 A Chitin 11225 11187 11750 11478 11610 11820 12162 11764 11640 11720 11530 11105 10799 10725 10401 10209 9542 9372 9727 9546 9424 9855 9404 9961 9530 9604 9212 9142 9028 8906 8968 7886
F:8 plate8 KOH 25_4_2023 A Chitin 12098 12548 12628 12568 12444 12772 12702 12104 11666 11612 11400 10681 10419 10037 10151 9250 8824 9202 8734 8876 8686 8170 7816 7902 7906 7852 7642 7427 7504 7524 7195 6883
F:9 plate8 KOH 25_4_2023 A Chitin 13793 12886 11892 10959 10059 9727 8808 8194 8212 7912 7540 7435 7115 7099 6439 5939 5709 5421 5455 5417 5495 5137 4805 5045 4937 4759 4697 4617 4671 4611 4575 3838
G:1 plate8 Mock 25_4_2023 A Chitosan 30766 34536 35915 38009 38418 40061 40472 41879 42268 41994 42679 42573 41885 43409 41745 40753 38961 39544 40470 41815 40290 41234 41378 40799 41128 41186 42695 40727 40326 40432 40296 36550
G:10 plate8 KOH 25_4_2023 A Chitosan 39526 40324 39773 40073 38827 38949 39839 39202 39564 39797 39542 39346 39392 38763 37704 37548 36771 37763 37428 36586 36821 37242 37045 37308 37215 37051 36650 35905 35969 35091 34610 31220
G:11 plate8 KOH 25_4_2023 A Chitosan 23547 26607 27072 27889 27741 28594 28971 29870 31054 31982 31811 31845 32499 33424 32971 33833 32344 33314 33476 34087 33681 34390 33751 33564 33913 33476 33829 32929 32479 33364 32537 29872
G:12 plate8 KOH 25_4_2023 A Chitosan 28334 31323 32166 33332 33685 34759 34901 35374 36266 36374 37031 36981 37813 38346 38516 38334 37081 38320 39282 38236 38205 37564 37779 37352 37486 37438 36530 35885 36047 34809 34711 31803
G:2 plate8 Mock 25_4_2023 A Chitosan 18559 19460 20980 22087 24514 26735 29992 31851 33518 36282 36708 38113 39424 40224 40484 39352 39302 38803 39025 39103 39254 38588 37496 38105 36486 34310 35662 34701 33865 33595 33516 31048
G:3 plate8 Mock 25_4_2023 A Chitosan 16858 17128 15813 15963 17358 18527 19180 19632 20307 20215 20409 20980 20816 21168 21204 20630 20151 20640 20371 20113 20573 20019 19981 20179 20515 20363 20549 20385 19947 19895 19298 18283
G:4 plate8 Mock 25_4_2023 A Chitosan 23749 25440 26130 26872 26313 26681 26643 26998 27889 27817 27993 28442 28344 28602 28422 27545 26567 27773 27611 27480 27695 26996 27789 27781 28288 28486 28486 27811 28512 28183 27518 25718
G:5 plate8 Mock 25_4_2023 A Chitosan 22015 23669 25285 25924 25708 26609 26481 26086 25516 25536 25283 25754 24991 24811 24508 23271 23207 23343 23962 23701 23917 23964 24620 24668 25295 25488 25247 24024 24246 23711 23677 21046
G:6 plate8 Mock 25_4_2023 A Chitosan 23679 26900 27901 27975 28400 28871 29191 29077 30345 30655 30311 29960 30868 31288 30453 29387 29864 30149 30133 30808 31615 31050 31266 31799 32174 32485 32450 31904 31529 31665 30894 28702
G:7 plate8 KOH 25_4_2023 A Chitosan 19206 20567 20814 20676 20944 21270 21805 22570 23417 23457 24574 25037 25063 24715 24719 24112 23915 23715 23956 24194 23925 23557 23287 23271 23207 22708 22922 22740 22243 21825 21943 20007
G:8 plate8 KOH 25_4_2023 A Chitosan 21134 21993 22560 21761 22346 22374 22758 23060 23637 24961 24977 25838 26086 25450 25466 33959 23747 23261 23189 22670 22548 21060 21136 20884 20577 20281 20021 19568 19250 18557 18077 16860
G:9 plate8 KOH 25_4_2023 A Chitosan 17506 17328 17871 17456 17680 18954 19863 21130 22388 23401 23972 25291 26000 25438 25488 25438 25133 25476 25317 25492 25259 24809 24346 24012 24252 23429 23094 22854 23026 22348 22061 20778
